1 3 21 2 12 11
1 21 19 11 20 10
3 5 23 4 14 13
3 23 21 13 22 12
5 7 25 6 16 15
5 25 23 15 24 14
7 9 27 8 18 17
7 27 25 17 26 16
19 21 39 20 30 29
19 39 37 29 38 28
21 23 41 22 32 31
21 41 39 31 40 30
23 25 43 24 34 33
23 43 41 33 42 32
25 27 45 26 34 35
25 45 43 35 44 34
37 39 57 38 48 47
37 57 55 47 56 46
39 41 59 40 50 49
39 59 57 49 58 48
41 43 61 42 52 51
41 61 59 51 60 50
43 45 63 44 54 53
43 63 61 53 62 52
55 57 75 56 66 65
55 75 73 65 74 64
57 59 77 58 68 67
57 77 75 67 76 66
59 61 79 60 70 69
59 79 77 69 78 68
61 63 81 62 72 71
61 81 79 71 80 70